=== Fonction 221, M€ ===
--- Seine-Saint-Denis
       F_personnel  F_achats_charges_externes  F_interventions  F_charges_financieres  F_autres  F_total_fonctionnement  I_equipement  I_subventions_equipement_versees  I_autres  I_total_hors_PPP  I_PPP  eleves_public_annee_civile
annee                                                                                                                                                                                                                                 
2012         52.93                       4.65            32.08                   0.00      0.23                   89.89         68.57                              3.41      0.00             71.98   0.00                         NaN
2013         54.26                       4.74            34.35                   0.00      0.29                   93.63         60.76                              0.57      0.00             61.34   0.00                         NaN
2014         56.48                       8.00            35.93                   3.34      0.05                  103.81        142.77                              1.18      0.00            143.95   2.78                         NaN
2015         59.19                      12.23            36.69                   8.74      0.21                  117.06         65.08                              3.06      0.00             68.14   8.09                         NaN
2016         60.05                      18.56            32.50                   8.43      0.20                  119.74         70.30                              2.47      0.00             72.77   8.55                    72594.59
2017         59.17                      19.86            31.97                   7.88      0.40                  119.27         84.29                              0.24      0.00             84.53   9.05                    73533.58
2018         60.07                      20.29            30.78                   7.59      0.00                  118.74        108.28                              0.32      0.00            108.60   9.88                    74975.18
2019         62.70                      22.95            28.87                   8.04      0.00                  122.56         98.17                              0.45      0.00             98.61  12.09                    76959.23
2020         63.66                      23.49            27.50                   7.90      0.00                  122.55         64.96                              0.49      0.00             65.46  13.57                    78443.67
2021         66.25                      22.88            27.33                   6.23      0.30                  123.00         55.33                              1.27      0.00             56.60  14.68                    78813.67
2022         68.04                      27.64            27.97                   6.17      0.37                  130.19         61.22                              1.10      0.00             62.32  16.11                    78636.00
2023         71.54                      39.87            24.40                   6.63      0.61                  143.05         76.96                              1.21      0.96             79.14  16.03                    78903.33
2024         73.89                      36.53            20.91                   6.34      0.14                  137.81         86.13                              0.12      0.51             86.76  16.36                    78941.00
2025         74.58                      31.25            19.79                   5.65      0.62                  131.90         97.38                              0.35      0.00             97.73  16.69                    79017.67
--- Paris
       F_personnel  F_achats_charges_externes  F_interventions  F_charges_financieres  F_autres  F_total_fonctionnement  I_equipement  I_subventions_equipement_versees  I_autres  I_total_hors_PPP  I_PPP  eleves_public_annee_civile
annee                                                                                                                                                                                                                                 
2012         27.47                       2.47            41.09                    0.0      0.01                   71.03         19.01                              4.18      0.00             23.19    0.0                         NaN
2013         28.84                       2.44            41.99                    0.0      0.43                   73.70         18.63                              3.53      0.00             22.16    0.0                         NaN
2014         30.31                       2.31            44.30                    0.0      0.08                   77.00         40.07                              3.23      0.00             43.30    0.0                         NaN
2015         29.44                       2.27            45.86                    0.0      0.89                   78.45         36.45                              3.02      0.21             39.68    0.0                         NaN
2016         30.44                       1.89            45.14                    0.0      0.51                   77.98         26.81                              2.90      0.15             29.86    0.0                    57007.10
2017         31.48                       2.56            46.64                    0.0      3.85                   84.53         28.61                              3.82      0.00             32.43    0.0                    56664.29
2018         28.94                       2.41            38.44                    0.0      0.00                   69.78         22.60                              5.14      3.10             30.84    0.0                    56489.84
2019         28.43                       3.77            38.22                    0.0      0.00                   70.41         33.09                              3.42      0.00             36.51    0.0                    56648.06
2020         27.23                       4.29            37.80                    0.0      0.25                   69.58         22.08                              5.90      0.00             27.99    0.0                    56692.67
2021         27.41                       2.69            37.35                    0.0      0.30                   67.75         15.24                              3.31      0.00             18.55    0.0                    56148.00
2022         28.28                       1.83            38.22                    0.0      0.00                   68.33         11.87                              2.50      0.00             14.37    0.0                    55012.33
2023         28.92                       2.16            38.43                    0.0      0.00                   69.51         14.94                              3.09      0.00             18.03    0.0                    53734.67
2024         29.38                       2.39            37.97                    0.0      0.00                   69.74         15.11                              4.01      0.00             19.12    0.0                    52291.33
2025         30.84                       2.67            34.16                    0.0      0.00                   67.68         15.86                              3.20      0.00             19.06    0.0                    50732.00
--- France (départements, Paris, ML, CTU)
       F_personnel  F_achats_charges_externes  F_interventions  F_charges_financieres  F_autres  F_total_fonctionnement  I_equipement  I_subventions_equipement_versees  I_autres  I_total_hors_PPP  I_PPP  eleves_public_annee_civile
annee                                                                                                                                                                                                                                 
2012        851.85                     192.94          1116.95                   3.89     26.69                 2192.31       1778.81                            102.51     30.32           1911.64  15.93                         NaN
2013        874.03                     203.40          1138.91                   3.84     28.14                 2248.32       1736.44                             91.71      0.32           1828.46  14.18                         NaN
2014        905.79                     205.25          1157.32                   8.55     31.02                 2307.94       1818.48                             87.43      2.34           1908.25  18.91                         NaN
2015        924.93                     227.10          1148.41                  16.70     28.84                 2345.98       1694.85                             92.00      1.62           1788.47  21.45                         NaN
2016        940.04                     256.88          1098.71                  18.39     26.61                 2340.63       1578.74                             93.64      3.52           1675.90  22.39                  2607901.54
2017       1014.07                     292.69          1097.74                  17.54     28.55                 2450.59       1584.13                             92.51      1.85           1678.48  22.06                  2608174.14
2018       1026.26                     310.02          1086.48                  15.98     20.77                 2459.51       1687.76                             94.56      7.49           1789.81  21.96                  2628362.49
2019       1093.38                     329.02          1086.78                  16.96     60.18                 2586.32       1971.42                             96.71      3.35           2071.48  24.64                  2655016.48
2020       1127.40                     337.35          1085.31                  16.82     54.56                 2621.44       2015.04                             97.76      5.71           2118.51  26.86                  2680265.67
2021       1185.40                     381.57          1083.81                  15.27     60.93                 2726.98       2395.23                             92.64      5.88           2493.75  27.98                  2685736.00
2022       1257.20                     437.52          1175.58                  14.42     73.93                 2958.65       2467.46                            101.08      7.51           2576.06  29.60                  2680224.67
2023       1336.65                     561.46          1347.93                  14.26     76.29                 3336.59       2521.48                            100.58      6.05           2628.11  29.88                  2680293.33
2024       1376.09                     553.85          1284.67                  13.31     84.41                 3312.32       2537.32                            105.10      4.94           2647.37  30.86                  2669290.00
2025       1423.85                     537.50          1251.81                  12.01     89.53                 3314.70       2412.00                            101.08      5.38           2518.45  30.83                  2649470.00
=== Fonction 221, € par collégien du public (année civile) ===
--- Seine-Saint-Denis
       F_personnel  F_achats_charges_externes  F_interventions  F_charges_financieres  F_autres  F_total_fonctionnement  I_equipement  I_subventions_equipement_versees  I_autres  I_total_hors_PPP  I_PPP
annee                                                                                                                                                                                                     
2016         827.0                      256.0            448.0                  116.0       3.0                  1649.0         968.0                              34.0       0.0            1002.0  118.0
2017         805.0                      270.0            435.0                  107.0       5.0                  1622.0        1146.0                               3.0       0.0            1150.0  123.0
2018         801.0                      271.0            411.0                  101.0       0.0                  1584.0        1444.0                               4.0       0.0            1448.0  132.0
2019         815.0                      298.0            375.0                  104.0       0.0                  1592.0        1276.0                               6.0       0.0            1281.0  157.0
2020         812.0                      300.0            351.0                  101.0       0.0                  1562.0         828.0                               6.0       0.0             834.0  173.0
2021         841.0                      290.0            347.0                   79.0       4.0                  1561.0         702.0                              16.0       0.0             718.0  186.0
2022         865.0                      351.0            356.0                   78.0       5.0                  1656.0         778.0                              14.0       0.0             792.0  205.0
2023         907.0                      505.0            309.0                   84.0       8.0                  1813.0         975.0                              15.0      12.0            1003.0  203.0
2024         936.0                      463.0            265.0                   80.0       2.0                  1746.0        1091.0                               2.0       6.0            1099.0  207.0
2025         944.0                      396.0            250.0                   72.0       8.0                  1669.0        1232.0                               4.0       0.0            1237.0  211.0
--- Paris
       F_personnel  F_achats_charges_externes  F_interventions  F_charges_financieres  F_autres  F_total_fonctionnement  I_equipement  I_subventions_equipement_versees  I_autres  I_total_hors_PPP  I_PPP
annee                                                                                                                                                                                                     
2016         534.0                       33.0            792.0                    0.0       9.0                  1368.0         470.0                              51.0       3.0             524.0    0.0
2017         556.0                       45.0            823.0                    0.0      68.0                  1492.0         505.0                              67.0       0.0             572.0    0.0
2018         512.0                       43.0            680.0                    0.0       0.0                  1235.0         400.0                              91.0      55.0             546.0    0.0
2019         502.0                       66.0            675.0                    0.0       0.0                  1243.0         584.0                              60.0       0.0             644.0    0.0
2020         480.0                       76.0            667.0                    0.0       4.0                  1227.0         389.0                             104.0       0.0             494.0    0.0
2021         488.0                       48.0            665.0                    0.0       5.0                  1207.0         271.0                              59.0       0.0             330.0    0.0
2022         514.0                       33.0            695.0                    0.0       0.0                  1242.0         216.0                              45.0       0.0             261.0    0.0
2023         538.0                       40.0            715.0                    0.0       0.0                  1294.0         278.0                              57.0       0.0             336.0    0.0
2024         562.0                       46.0            726.0                    0.0       0.0                  1334.0         289.0                              77.0       0.0             366.0    0.0
2025         608.0                       53.0            673.0                    0.0       0.0                  1334.0         313.0                              63.0       0.0             376.0    0.0
--- France (départements, Paris, ML, CTU)
       F_personnel  F_achats_charges_externes  F_interventions  F_charges_financieres  F_autres  F_total_fonctionnement  I_equipement  I_subventions_equipement_versees  I_autres  I_total_hors_PPP  I_PPP
annee                                                                                                                                                                                                     
2016         360.0                       99.0            421.0                    7.0      10.0                   898.0         605.0                              36.0       1.0             643.0    9.0
2017         389.0                      112.0            421.0                    7.0      11.0                   940.0         607.0                              35.0       1.0             644.0    8.0
2018         390.0                      118.0            413.0                    6.0       8.0                   936.0         642.0                              36.0       3.0             681.0    8.0
2019         412.0                      124.0            409.0                    6.0      23.0                   974.0         743.0                              36.0       1.0             780.0    9.0
2020         421.0                      126.0            405.0                    6.0      20.0                   978.0         752.0                              36.0       2.0             790.0   10.0
2021         441.0                      142.0            404.0                    6.0      23.0                  1015.0         892.0                              34.0       2.0             929.0   10.0
2022         469.0                      163.0            439.0                    5.0      28.0                  1104.0         921.0                              38.0       3.0             961.0   11.0
2023         499.0                      209.0            503.0                    5.0      28.0                  1245.0         941.0                              38.0       2.0             981.0   11.0
2024         516.0                      207.0            481.0                    5.0      32.0                  1241.0         951.0                              39.0       2.0             992.0   12.0
2025         537.0                      203.0            472.0                    5.0      34.0                  1251.0         910.0                              38.0       2.0             951.0   12.0
--- Seine-et-Marne
       F_personnel  F_achats_charges_externes  F_interventions  F_charges_financieres  F_autres  F_total_fonctionnement  I_equipement  I_subventions_equipement_versees  I_autres  I_total_hors_PPP  I_PPP
annee                                                                                                                                                                                                     
2016           0.0                      205.0            284.0                    0.0       1.0                   491.0         819.0                               4.0       0.0             822.0    0.0
2017           0.0                      205.0            271.0                    0.0       0.0                   477.0         770.0                               2.0       0.0             771.0    0.0
2018           0.0                      199.0            263.0                    0.0       0.0                   462.0         914.0                               5.0       0.0             919.0    0.0
2019           0.0                      221.0            264.0                    0.0       0.0                   485.0        1113.0                               8.0       0.0            1121.0    0.0
2020           0.0                      222.0            256.0                    0.0       0.0                   478.0        1067.0                               2.0       0.0            1070.0    0.0
2021           0.0                      228.0            252.0                    0.0       4.0                   485.0        1284.0                               4.0       0.0            1288.0    0.0
2022           0.0                      275.0            282.0                    0.0       6.0                   563.0        1194.0                               4.0       0.0            1198.0    0.0
2023           0.0                      441.0            293.0                    0.0      12.0                   745.0        1282.0                               2.0       0.0            1285.0    0.0
2024           0.0                      363.0            241.0                    0.0      79.0                   683.0        1345.0                              16.0       0.0            1362.0    0.0
2025           0.0                      286.0            625.0                    0.0       9.0                   920.0        1322.0                               9.0       0.0            1331.0    0.0
--- Yvelines
       F_personnel  F_achats_charges_externes  F_interventions  F_charges_financieres  F_autres  F_total_fonctionnement  I_equipement  I_subventions_equipement_versees  I_autres  I_total_hors_PPP  I_PPP
annee                                                                                                                                                                                                     
2016           0.0                      133.0            244.0                    0.0       4.0                   381.0         508.0                              73.0       0.0             580.0    0.0
2017           0.0                      169.0            242.0                    0.0       5.0                   416.0         660.0                              78.0       0.0             737.0    0.0
2018           0.0                      185.0            240.0                    0.0       4.0                   429.0         707.0                              84.0      16.0             807.0    0.0
2019           0.0                      194.0            221.0                    0.0     545.0                   960.0         851.0                              83.0       0.0             935.0    0.0
2020           0.0                      181.0            210.0                    0.0     494.0                   885.0         887.0                              79.0       0.0             967.0    0.0
2021           0.0                      187.0            223.0                    0.0     521.0                   931.0         796.0                              67.0       0.0             863.0    0.0
2022           0.0                      210.0            237.0                    0.0     542.0                   988.0         508.0                              83.0       0.0             591.0    0.0
2023           0.0                      330.0            242.0                    0.0     580.0                  1152.0         746.0                             100.0       0.0             846.0    0.0
2024           0.0                      328.0            214.0                    0.0     566.0                  1107.0        1004.0                              31.0       0.0            1035.0    0.0
2025           0.0                      304.0            225.0                    0.0     556.0                  1086.0        1511.0                              65.0       0.0            1576.0    0.0
--- Essonne
       F_personnel  F_achats_charges_externes  F_interventions  F_charges_financieres  F_autres  F_total_fonctionnement  I_equipement  I_subventions_equipement_versees  I_autres  I_total_hors_PPP  I_PPP
annee                                                                                                                                                                                                     
2016           7.0                      111.0            346.0                    0.0     115.0                   579.0         630.0                              13.0       0.0             643.0    0.0
2017         751.0                      146.0            295.0                    0.0      87.0                  1279.0         598.0                              17.0       0.0             615.0    0.0
2018         747.0                      151.0            320.0                    0.0      84.0                  1302.0         747.0                              10.0       0.0             756.0    0.0
2019         743.0                      199.0            283.0                    0.0      86.0                  1311.0         772.0                              17.0       0.0             789.0    0.0
2020         669.0                      264.0            270.0                    0.0      58.0                  1261.0         860.0                               9.0       0.0             869.0    0.0
2021         697.0                      325.0            273.0                    0.0      71.0                  1366.0        1104.0                              10.0       0.0            1114.0    0.0
2022         684.0                      398.0            319.0                    0.0      72.0                  1473.0        1050.0                               4.0       0.0            1054.0    0.0
2023         680.0                      638.0            304.0                    0.0      23.0                  1646.0        1235.0                               6.0       0.0            1241.0    0.0
2024         693.0                      572.0            301.0                    0.0       4.0                  1570.0        1057.0                               4.0       0.0            1061.0    0.0
2025         664.0                      568.0            278.0                    0.0      29.0                  1538.0         949.0                               3.0       0.0             952.0    0.0
--- Hauts-de-Seine
       F_personnel  F_achats_charges_externes  F_interventions  F_charges_financieres  F_autres  F_total_fonctionnement  I_equipement  I_subventions_equipement_versees  I_autres  I_total_hors_PPP  I_PPP
annee                                                                                                                                                                                                     
2016         566.0                      344.0            569.0                   20.0       0.0                  1501.0        1032.0                               0.0       0.0            1032.0   44.0
2017         556.0                      438.0            420.0                   19.0       3.0                  1437.0         925.0                               0.0       0.0             925.0   40.0
2018         585.0                      448.0            381.0                   17.0       4.0                  1435.0         800.0                               0.0       0.0             800.0   41.0
2019         569.0                      481.0            415.0                   15.0       0.0                  1479.0         897.0                               0.0       0.0             897.0   42.0
2020         583.0                      469.0            422.0                   13.0       0.0                  1487.0        1166.0                               0.0       0.0            1166.0   43.0
2021         667.0                      502.0            425.0                   10.0       3.0                  1607.0        1523.0                               0.0       0.0            1523.0   45.0
2022         680.0                      624.0            430.0                    8.0      18.0                  1761.0        1907.0                               0.0       0.0            1907.0   48.0
2023         672.0                     1008.0            492.0                    7.0      48.0                  2227.0        1345.0                               0.0       0.0            1345.0   50.0
2024         678.0                     1115.0            493.0                    5.0      10.0                  2301.0        1961.0                              28.0       0.0            1990.0   52.0
2025         640.0                      861.0            490.0                    2.0     115.0                  2109.0        2151.0                              21.0       0.0            2171.0   36.0
--- Val-de-Marne
       F_personnel  F_achats_charges_externes  F_interventions  F_charges_financieres  F_autres  F_total_fonctionnement  I_equipement  I_subventions_equipement_versees  I_autres  I_total_hors_PPP  I_PPP
annee                                                                                                                                                                                                     
2016         615.0                      124.0            459.0                    0.0       0.0                  1199.0        1114.0                              46.0       0.0            1160.0    0.0
2017         634.0                      131.0            448.0                    0.0       0.0                  1213.0        1249.0                              89.0       0.0            1338.0    0.0
2018         626.0                      119.0            449.0                    0.0       2.0                  1196.0        1349.0                               5.0       0.0            1354.0    0.0
2019         623.0                      110.0            461.0                    0.0       0.0                  1194.0        1145.0                               5.0       0.0            1150.0    0.0
2020         616.0                      150.0            442.0                    0.0       0.0                  1208.0        1281.0                               3.0       0.0            1284.0    0.0
2021         630.0                      163.0            450.0                    0.0       2.0                  1245.0        1352.0                              21.0       0.0            1373.0    0.0
2022         664.0                      158.0            469.0                    0.0       0.0                  1291.0        1555.0                               2.0       0.0            1557.0    0.0
2023         737.0                      143.0            497.0                    0.0       0.0                  1376.0        1454.0                              22.0       0.0            1476.0    0.0
2024         756.0                      134.0            502.0                    0.0       0.0                  1392.0        1200.0                               2.0       0.0            1201.0    0.0
2025         773.0                      248.0            367.0                    0.0       6.0                  1394.0        1193.0                               2.0      10.0            1205.0    0.0
--- Val-d'Oise
       F_personnel  F_achats_charges_externes  F_interventions  F_charges_financieres  F_autres  F_total_fonctionnement  I_equipement  I_subventions_equipement_versees  I_autres  I_total_hors_PPP  I_PPP
annee                                                                                                                                                                                                     
2016           0.0                      172.0            418.0                    0.0       0.0                   590.0         520.0                               1.0       0.0             521.0    0.0
2017           0.0                      225.0            399.0                    0.0       0.0                   623.0         480.0                               1.0       5.0             486.0    0.0
2018           0.0                      257.0            440.0                    0.0       0.0                   697.0         330.0                               1.0       1.0             332.0    0.0
2019           0.0                      256.0            428.0                    0.0       0.0                   684.0         679.0                               2.0       0.0             681.0    0.0
2020           0.0                      229.0            415.0                    0.0       1.0                   644.0         744.0                               2.0       1.0             747.0    0.0
2021           0.0                      315.0            337.0                    0.0       0.0                   652.0         868.0                               3.0       1.0             872.0    0.0
2022           0.0                      323.0            334.0                    0.0      34.0                   690.0        1061.0                               2.0       0.0            1063.0    0.0
2023           0.0                      358.0            349.0                    0.0       0.0                   708.0         903.0                               2.0       0.0             906.0    0.0
2024           0.0                      324.0            352.0                    0.0       2.0                   678.0        1225.0                               2.0       0.0            1227.0    0.0
2025         674.0                      365.0            371.0                    0.0       0.0                  1409.0         790.0                               2.0       0.0             791.0    0.0
=== Autres fonctions (M€), 93 et Paris ===
nature                                                F_achats_charges_externes  F_autres  F_charges_financieres  F_interventions  F_personnel  I_PPP_remboursement_capital_1675  I_autres  I_equipement  I_subventions_equipement_versees
entite            groupe                       annee                                                                                                                                                                                      
Paris             20 Services communs          2013                        0.00      0.00                   0.00             0.00         0.00                              0.00      0.00          0.00                              0.00
                                               2014                        0.00      0.00                   0.00             0.00         1.11                              0.00      0.00          0.00                              0.00
                                               2015                        0.00      0.00                   0.00             0.00         3.43                              0.00      0.00          0.00                              0.00
                                               2016                        0.00      0.00                   0.00             0.00         4.75                              0.00      0.00          0.00                              0.00
                                               2017                        0.00      0.00                   0.00             0.00         5.59                              0.00      0.00          0.00                              0.00
                                               2018                        0.00      0.00                   0.00             0.00         0.39                              0.00      0.00          0.32                              0.00
                                               2019                        1.13      0.03                   0.00             0.19        55.43                              0.00      0.00          1.28                              0.00
                                               2020                        0.98      0.06                   0.00             0.12        61.29                              0.00      0.00          2.84                              0.73
                                               2021                        0.97      0.07                   0.00             0.12        65.55                              0.00      0.00          1.73                              0.00
                                               2022                        0.97      0.06                   0.00             0.10        61.77                              0.00      0.00          0.88                              0.00
                                               2023                        1.10      0.76                   0.00             0.05        67.15                              0.00      0.00          0.90                              0.00
                                               2024                        0.93      0.97                   0.00             0.07        72.13                              0.00      0.00          1.54                              0.00
                                               2025                        0.94      0.90                   0.00             0.08        76.20                              0.00      0.00          1.86                              0.00
                  21 Premier degré             2013                        0.00      0.00                   0.00             0.00         0.00                              0.00      0.00          0.00                              0.00
                                               2014                        0.00      0.00                   0.00             0.00         0.00                              0.00      0.00          0.00                              0.00
                                               2015                        0.00      0.00                   0.00             0.00         0.00                              0.00      0.00          0.00                              0.00
                                               2016                        0.00      0.00                   0.00             0.00         0.00                              0.00      0.35          0.02                              0.00
                                               2017                        0.00      0.00                   0.00             0.00         0.00                              0.00      1.56          0.00                              0.00
                                               2019                       10.23      2.04                   0.00            30.74       379.88                              0.00      0.00         78.97                              0.00
                                               2020                       15.14      1.97                   0.00            36.85       373.54                              0.00      0.00         58.58                              0.00
                                               2021                        8.12      1.99                   0.00            36.43       378.22                              0.00      0.00         55.34                              0.00
                                               2022                        7.74      2.23                   0.00            35.90       383.92                              0.00      0.00         54.02                              0.00
                                               2023                        9.42      2.20                   0.00            35.56       402.86                              0.00      0.01         60.37                              0.00
                                               2024                        9.03      2.35                   0.00            35.29       425.99                              0.00      0.06         53.18                              0.00
                                               2025                       10.14      2.23                   0.00            35.00       441.27                              0.00      0.08         53.68                              0.00
                  221 Collèges                 2012                        2.47      0.01                   0.00            41.09        27.47                              0.00      0.00         19.01                              4.18
                                               2013                        2.44      0.43                   0.00            41.99        28.84                              0.00      0.00         18.63                              3.53
                                               2014                        2.31      0.08                   0.00            44.30        30.31                              0.00      0.00         40.07                              3.23
                                               2015                        2.27      0.89                   0.00            45.86        29.44                              0.00      0.21         36.45                              3.02
                                               2016                        1.89      0.51                   0.00            45.14        30.44                              0.00      0.15         26.81                              2.90
                                               2017                        2.56      3.85                   0.00            46.64        31.48                              0.00      0.00         28.61                              3.82
                                               2018                        2.41      0.00                   0.00            38.44        28.94                              0.00      3.10         22.60                              5.14
                                               2019                        3.77      0.00                   0.00            38.22        28.43                              0.00      0.00         33.09                              3.42
                                               2020                        4.29      0.25                   0.00            37.80        27.23                              0.00      0.00         22.08                              5.90
                                               2021                        2.69      0.30                   0.00            37.35        27.41                              0.00      0.00         15.24                              3.31
                                               2022                        1.83      0.00                   0.00            38.22        28.28                              0.00      0.00         11.87                              2.50
                                               2023                        2.16      0.00                   0.00            38.43        28.92                              0.00      0.00         14.94                              3.09
                                               2024                        2.39      0.00                   0.00            37.97        29.38                              0.00      0.00         15.11                              4.01
                                               2025                        2.67      0.00                   0.00            34.16        30.84                              0.00      0.00         15.86                              3.20
                  222-224 Lycées               2012                        0.07      0.00                   0.00             0.02         0.00                              0.00      9.32          2.36                              0.02
                                               2013                        0.03      0.00                   0.00             0.03         0.00                              0.00      2.17          0.00                              0.05
                                               2014                        0.01      0.00                   0.00             0.00         0.00                              0.00      0.09          0.00                              0.00
                                               2015                        0.00      0.00                   0.00             0.00         0.00                              0.00      0.19          0.00                              0.00
                                               2016                        0.00      0.00                   0.00             0.00         0.00                              0.00      0.05          0.00                              0.00
                                               2017                        0.00      0.00                   0.00             0.00         0.00                              0.00      0.01          0.00                              0.00
                                               2019                        0.38      0.00                   0.00             5.49         4.14                              0.00      0.17          3.54                              0.88
                                               2020                        0.31      0.00                   0.00             4.97         3.87                              0.00      0.03          3.73                              0.94
                                               2021                        0.25      0.00                   0.00             3.46         3.15                              0.00      0.29          2.76                              0.04
                                               2022                        0.07      0.00                   0.00             4.00         1.19                              0.00      0.10          0.59                              0.00
                                               2023                        0.00      0.00                   0.00             4.85         1.21                              0.00      0.17          0.10                              0.30
                                               2024                        0.01      0.00                   0.00             5.20         1.07                              0.00      0.18          0.57                              0.20
                                               2025                        0.01      0.00                   0.00             5.20         1.02                              0.00      0.05          0.41                              0.20
                  23-27 Hors scolaire          2012                        0.00      0.00                   0.00             0.00         0.00                              0.00      0.00          0.00                              9.49
                                               2013                        0.00      0.00                   0.00             0.00         0.00                              0.00      0.00          0.00                             14.74
                                               2014                        0.00      0.00                   0.00             0.00         0.00                              0.00      0.00          0.00                              2.90
                                               2015                        0.00      0.00                   0.00             0.00         0.00                              0.00      0.00          0.00                              4.92
                                               2016                        0.00      0.00                   0.00             0.00         0.00                              0.00      0.00          0.00                              1.40
                                               2017                        0.00      0.00                   0.00             0.00         0.00                              0.00      0.00          0.00                              0.75
                                               2018                        0.00      0.00                   0.00             0.35        17.82                              0.00      0.00          0.00                              0.00
                                               2019                        5.15      0.03                   0.00            21.72        27.43                              0.00      0.00          1.01                             11.23
                                               2020                        5.85      0.03                   0.00            25.07        25.27                              0.00      0.00          2.28                             19.37
                                               2021                        6.89      0.09                   0.00            22.38        26.15                              0.00      0.00          2.74                             38.15
                                               2022                        7.03      0.12                   0.00            21.73        25.16                              0.00      0.00          2.08                             25.82
                                               2023                        6.12      0.06                   0.00            19.84        21.99                              0.00      0.00          1.91                              4.54
                                               2024                        6.35      0.08                   0.00            21.39        23.59                              0.00      0.00          2.39                             12.77
                                               2025                        6.77      0.08                   0.00            21.77        24.59                              0.00      0.00          2.42                             10.15
                  24 Cités scolaires           2018                        0.00      0.00                   0.00             0.00         2.70                              0.00      9.37          5.22                              0.00
                                               2019                        0.00      2.41                   0.00             0.00         2.67                              0.00      0.00          0.00                              0.00
                                               2020                        0.00      2.70                   0.00             0.00         2.90                              0.00      0.00          0.00                              0.00
                                               2021                        0.00      2.59                   0.00             0.00         2.75                              0.00      0.00          2.61                              0.00
                                               2022                        0.00      2.52                   0.00             0.00         2.89                              0.00      0.00          1.46                              0.00
                                               2023                        0.00      4.10                   0.00             0.00         3.15                              0.00      0.00          0.23                              0.00
                                               2024                        0.00      4.29                   0.00             0.00         3.63                              0.00      0.00          2.74                              0.00
                                               2025                        0.00      3.79                   0.00             0.00         3.67                              0.00      0.00         13.50                              0.00
                  28 Services annexes          2012                        0.61      0.00                   0.00             0.15        19.72                              0.00      0.00          0.05                              0.00
                                               2013                        0.82      0.01                   0.00             0.15        19.59                              0.00      0.00          1.10                              0.00
                                               2014                        0.79      0.01                   0.00             0.14        19.35                              0.00      0.00          0.72                              0.00
                                               2015                        0.61      0.01                   0.00             0.18        18.90                              0.00      0.00          0.10                              0.00
                                               2016                        0.56      0.01                   0.00             0.18        19.19                              0.00      0.00          0.09                              0.00
                                               2017                        0.40      0.01                   0.00             0.18        19.64                              0.00      0.00          0.24                              0.00
                                               2018                        0.00      0.00                   0.00             8.50         0.00                              0.00      0.12          0.69                              0.00
                                               2019                       20.03      0.05                   0.00            82.64         6.14                              0.00      0.00          7.08                              0.00
                                               2020                       14.24      0.02                   0.00            86.39         4.70                              0.00      0.00          4.82                              0.00
                                               2021                       13.93      0.04                   0.00            88.14         4.76                              0.00      0.00          7.94                              0.00
                                               2022                       17.22      0.03                   0.00            86.92         6.43                              0.00      0.00         13.01                              0.90
                                               2023                       17.66      0.06                   0.00           109.73         7.24                              0.00      0.00         10.73                              0.92
                                               2024                       17.60      0.02                   0.00           127.61         7.45                              0.00      0.00          7.02                              0.67
                                               2025                       17.94      0.05                   0.00           137.39         7.73                              0.00      0.00          7.44                              0.19
                  dette 1675 (hors fonction 2) 2019                        0.00      0.00                   0.00             0.00         0.00                              1.92      0.00          0.00                              0.00
                                               2020                        0.00      0.00                   0.00             0.00         0.00                              1.99      0.00          0.00                              0.00
                                               2021                        0.00      0.00                   0.00             0.00         0.00                              1.90      0.00          0.00                              0.00
                                               2022                        0.00      0.00                   0.00             0.00         0.00                              2.14      0.00          0.00                              0.00
                                               2023                        0.00      0.00                   0.00             0.00         0.00                              2.41      0.00          0.00                              0.00
                                               2024                        0.00      0.00                   0.00             0.00         0.00                              2.33      0.00          0.00                              0.00
                                               2025                        0.00      0.00                   0.00             0.00         0.00                              2.22      0.00          0.00                              0.00
Seine-Saint-Denis 20 Services communs          2012                        0.24      0.00                   0.00             0.00         0.98                              0.00      0.00          0.00                              0.00
                                               2013                        0.59      0.00                   0.00             0.00         1.05                              0.00      0.00          0.00                              0.00
                                               2014                        0.11      0.00                   0.00             0.00         1.31                              0.00      0.00          0.00                              0.00
                                               2015                        0.17      0.00                   0.00             0.00         1.12                              0.00      0.00          0.00                              0.00
                                               2016                        0.33      0.00                   0.00             0.00         0.93                              0.00      0.00          0.00                              0.00
                                               2017                        0.18      0.00                   0.00             0.00         1.09                              0.00      0.00          0.00                              0.00
                                               2018                        0.09      0.00                   0.00             0.00         1.13                              0.00      0.00          0.00                              0.00
                                               2019                        0.06      0.00                   0.00             0.00         1.24                              0.00      0.00          0.00                              0.00
                                               2020                        0.04      0.00                   0.00             0.00         1.34                              0.00      0.00          0.00                              0.00
                                               2021                        0.06      0.00                   0.00             0.00         1.05                              0.00      0.00          0.00                              0.00
                                               2022                        0.06      0.00                   0.00             0.00         1.08                              0.00      0.00          0.00                              0.00
                                               2023                        0.09      0.00                   0.00             0.00         1.04                              0.00      0.00          0.00                              0.00
                  221 Collèges                 2012                        4.65      0.23                   0.00            32.08        52.93                              0.00      0.00         68.57                              3.41
                                               2013                        4.74      0.29                   0.00            34.35        54.26                              0.00      0.00         60.76                              0.57
                                               2014                        8.00      0.05                   3.34            35.93        56.48                              2.78      0.00        142.77                              1.18
                                               2015                       12.23      0.21                   8.74            36.69        59.19                              8.09      0.00         65.08                              3.06
                                               2016                       18.56      0.20                   8.43            32.50        60.05                              8.55      0.00         70.30                              2.47
                                               2017                       19.86      0.40                   7.88            31.97        59.17                              9.05      0.00         84.29                              0.24
                                               2018                       20.29      0.00                   7.59            30.78        60.07                              9.88      0.00        108.28                              0.32
                                               2019                       22.95      0.00                   8.04            28.87        62.70                             12.09      0.00         98.17                              0.45
                                               2020                       23.49      0.00                   7.90            27.50        63.66                             13.57      0.00         64.96                              0.49
                                               2021                       22.88      0.30                   6.23            27.33        66.25                             14.68      0.00         55.33                              1.27
                                               2022                       27.64      0.37                   6.17            27.97        68.04                             16.11      0.00         61.22                              1.10
                                               2023                       39.87      0.61                   6.63            24.40        71.54                             16.03      0.96         76.96                              1.21
                                               2024                       36.53      0.14                   6.34            20.91        73.89                             16.36      0.51         86.13                              0.12
                                               2025                       31.25      0.62                   5.65            19.79        74.58                             16.69      0.00         97.38                              0.35
                  222-224 Lycées               2012                        0.18      0.00                   0.00             0.62         0.21                              0.00      0.00          0.00                              0.00
                                               2013                        0.12      0.00                   0.00             0.50         0.00                              0.00      0.00          0.00                              0.00
                                               2014                        0.01      0.00                   0.00             0.01         0.00                              0.00      0.00          0.00                              0.00
                                               2015                        0.00      0.00                   0.00             0.02         0.00                              0.00      0.00          0.00                              0.00
                                               2016                        0.00      0.00                   0.00             0.01         0.00                              0.00      0.00          0.00                              0.00
                                               2017                        0.00      0.00                   0.00             0.02         0.00                              0.00      0.00          0.00                              0.00
                                               2018                        0.00      0.00                   0.00             0.01         0.00                              0.00      0.00          0.00                              0.00
                                               2020                        0.00      0.00                   0.00             0.04         0.00                              0.00      0.00          0.00                              0.00
                                               2021                        0.00      0.00                   0.00             0.04         0.00                              0.00      0.00          0.00                              0.00
                  23-27 Hors scolaire          2012                        0.00      0.00                   0.00             0.07         0.00                              0.00      0.00          0.00                              0.00
                                               2013                        0.00      0.00                   0.00             0.06         0.00                              0.00      0.00          0.00                              0.00
                  24 Cités scolaires           2024                        0.00      0.00                   0.00             0.00         0.00                              0.00      0.00          0.00                              0.08
                                               2025                        0.00      0.00                   0.00             0.00         0.00                              0.00      0.00          0.00                              0.56
                  28 Services annexes          2012                        0.23      0.00                   0.00             0.00         0.00                              0.00      0.00          0.01                              0.00
                                               2013                        0.22      0.00                   0.00             0.00         0.00                              0.00      0.00          0.02                              0.00
                                               2014                        0.22      0.00                   0.00             0.00         0.00                              0.00      0.00          0.10                              0.00
                                               2015                        0.18      0.00                   0.00             0.00         0.00                              0.00      0.00          0.15                              0.00
                                               2016                        0.12      0.00                   0.00             0.00         0.00                              0.00      0.00          0.00                              0.00
                                               2017                        0.11      0.00                   0.00             0.00         0.00                              0.00      0.00          0.00                              0.00
                                               2020                        0.00      0.00                   0.00             0.00         0.00                              0.00      0.00          0.00                              0.00
                                               2022                        0.10      0.00                   0.00             0.00         0.00                              0.00      0.00          0.00                              0.00
                                               2023                        0.00      0.00                   0.00             0.00         0.00                              0.00      0.00          0.00                              0.00
                                               2024                        6.40      0.00                   0.00             4.71         0.00                              0.00      0.00          0.00                              0.00
                                               2025                        6.78      0.00                   0.00             4.24         0.00                              0.00      0.00          0.00                              0.00
                  dette 1675 (hors fonction 2) 2014                        0.00      0.00                   0.00             0.00         0.00                              0.00      0.00          0.00                              0.00
                                               2015                        0.00      0.00                   0.00             0.00         0.00                              0.00      0.00          0.00                              0.00
                                               2016                        0.00      0.00                   0.00             0.00         0.00                              0.00      0.00          0.00                              0.00
                                               2017                        0.00      0.00                   0.00             0.00         0.00                              0.00      0.00          0.00                              0.00
                                               2018                        0.00      0.00                   0.00             0.00         0.00                              0.00      0.00          0.00                              0.00
                                               2019                        0.00      0.00                   0.00             0.00         0.00                              0.00      0.00          0.00                              0.00
                                               2020                        0.00      0.00                   0.00             0.00         0.00                              0.00      0.00          0.00                              0.00
                                               2021                        0.00      0.00                   0.00             0.00         0.00                              0.00      0.00          0.00                              0.00
                                               2022                        0.00      0.00                   0.00             0.00         0.00                              0.00      0.00          0.00                              0.00
                                               2023                        0.00      0.00                   0.00             0.00         0.00                              0.00      0.00          0.00                              0.00
                                               2024                        0.00      0.00                   0.00             0.00         0.00                              0.00      0.00          0.00                              0.00
                                               2025                        0.00      0.00                   0.00             0.00         0.00                              0.00      0.00          0.00                              0.00
r         2015       2016       2017       2018       2019       2020       2021       2022       2023       2024       2025
dep                                                                                                                         
075    57124.0    56774.0    56445.0    56579.0    56786.0    56506.0    55432.0    54173.0    52858.0    51158.0    49880.0
093    72314.0    73155.0    74290.0    76346.0    78186.0    78959.0    78523.0    78862.0    78986.0    78851.0    79351.0
092    55014.0    54775.0    55621.0    56596.0    57247.0    57730.0    57163.0    56549.0    56202.0    55512.0    54672.0
094    53836.0    54088.0    54807.0    55523.0    56345.0    57007.0    56472.0    56740.0    57045.0    56913.0    56963.0
FRA  2610782.0  2602140.0  2620242.0  2644603.0  2675843.0  2689111.0  2678986.0  2682702.0  2675476.0  2656918.0  2634574.0
dep
075    1.014235
093    1.003903
Name: coef_raccord_2019, dtype: float64
